E:\JDK1\bin\java.exe "-javaagent:C:\Program Files\JetBrains\IntelliJ IDEA 2023.2.4\lib\idea_rt.jar=58993:C:\Program Files\JetBrains\IntelliJ IDEA 2023.2.4\bin" -Dfile.encoding=UTF-8 -Dsun.stdout.encoding=UTF-8 -Dsun.stderr.encoding=UTF-8 -classpath H:\Workspace\Java\OPP\out\production\OPP midterm.hus.oop.statistics.TestStatistics
ArrayDataSet Statistics:
21.70032910393403 27.79221291621372 26.596266972083505 28.78466333542601 28.861710696817457 28.705023579974895 20.20393014661918 22.093686975191304 21.757532985714853 23.47996781304655 28.837347175372457 21.063446455949272 22.56168367380949 20.89443980463766 20.08354061623432 27.147910346571425 27.2742713899666 29.164817752303005 25.07551091147829 20.326734873481616
ArrayDataSet Statistics After Removing Elements:
27.79221291621372 26.596266972083505 28.78466333542601 28.861710696817457 28.705023579974895 20.20393014661918 22.093686975191304 21.757532985714853 23.47996781304655 28.837347175372457 21.063446455949272 22.56168367380949 20.89443980463766 20.08354061623432 27.147910346571425 27.2742713899666 29.164817752303005 25.07551091147829
LinkedListDataSet Statistics:
24.942939303645655 27.621403294035883 24.078338062396917 22.94291169192031 26.869082924196704 28.150748837543354 22.167761440252033 29.993748903238778 23.9462461878848 28.900796676904143 25.301836503679624 26.96923881346276 27.787745150844103 26.26964380484879 22.252280405128026 23.763511545982016 26.622823727736495 25.03663372526842 25.84063624948354 25.92920715492815
LinkedListDataSet Statistics After Removing Elements:
27.621403294035883 24.078338062396917 22.94291169192031 26.869082924196704 28.150748837543354 22.167761440252033 29.993748903238778 23.9462461878848 28.900796676904143 25.301836503679624 26.96923881346276 27.787745150844103 26.26964380484879 22.252280405128026 23.763511545982016 26.622823727736495 25.03663372526842 25.84063624948354
Process finished with exit code 0
