E:\JDK1\bin\java.exe "-javaagent:C:\Program Files\JetBrains\IntelliJ IDEA 2023.2.4\lib\idea_rt.jar=59061:C:\Program Files\JetBrains\IntelliJ IDEA 2023.2.4\bin" -Dfile.encoding=UTF-8 -Dsun.stdout.encoding=UTF-8 -Dsun.stderr.encoding=UTF-8 -classpath H:\Workspace\Java\OPP\out\production\OPP midterm.hus.oop.sortstrategy.TestSortStrategy
Using Bubble Sort Algorithm:
Before sorting: [58.255663132513334, 62.16321271023273, 98.8176477371959, 82.46824115753235, 23.573986349284926, 30.724724151292758, 63.416228936068585, 62.1521882221147, 38.651560004403706, 35.09767638214045, 19.07363616587189, 94.89585176135247, 98.41332552557105, 52.106948010212705, 32.658531257390976, 93.69202752245648, 53.20567305625317, 92.46918519852105, 45.52232575843439, 25.6612212242894, 53.54280069015071, 43.60857219151685, 21.280744751634096, 43.7062466991876, 53.3321085182167, 59.068843444155064, 72.577674732484, 5.883955143696051, 79.30870903182682]
After sorting Ascending: [5.883955143696051, 19.07363616587189, 21.280744751634096, 23.573986349284926, 25.6612212242894, 30.724724151292758, 32.658531257390976, 35.09767638214045, 38.651560004403706, 43.60857219151685, 43.7062466991876, 45.52232575843439, 52.106948010212705, 53.20567305625317, 53.3321085182167, 53.54280069015071, 58.255663132513334, 59.068843444155064, 62.1521882221147, 62.16321271023273, 63.416228936068585, 72.577674732484, 79.30870903182682, 82.46824115753235, 92.46918519852105, 93.69202752245648, 94.89585176135247, 98.41332552557105, 98.8176477371959]
After sorting Descending: [98.8176477371959, 98.41332552557105, 94.89585176135247, 93.69202752245648, 92.46918519852105, 82.46824115753235, 79.30870903182682, 72.577674732484, 63.416228936068585, 62.16321271023273, 62.1521882221147, 59.068843444155064, 58.255663132513334, 53.54280069015071, 53.3321085182167, 53.20567305625317, 52.106948010212705, 45.52232575843439, 43.7062466991876, 43.60857219151685, 38.651560004403706, 35.09767638214045, 32.658531257390976, 30.724724151292758, 25.6612212242894, 23.573986349284926, 21.280744751634096, 19.07363616587189, 5.883955143696051]

Using InsertionSort Sort Algorithm:
Before sorting: [58.255663132513334, 62.16321271023273, 98.8176477371959, 82.46824115753235, 23.573986349284926, 30.724724151292758, 63.416228936068585, 62.1521882221147, 38.651560004403706, 35.09767638214045, 19.07363616587189, 94.89585176135247, 98.41332552557105, 52.106948010212705, 32.658531257390976, 93.69202752245648, 53.20567305625317, 92.46918519852105, 45.52232575843439, 25.6612212242894, 53.54280069015071, 43.60857219151685, 21.280744751634096, 43.7062466991876, 53.3321085182167, 59.068843444155064, 72.577674732484, 5.883955143696051, 79.30870903182682]
After sorting Ascending: [5.883955143696051, 19.07363616587189, 21.280744751634096, 23.573986349284926, 25.6612212242894, 30.724724151292758, 32.658531257390976, 35.09767638214045, 38.651560004403706, 43.60857219151685, 43.7062466991876, 45.52232575843439, 52.106948010212705, 53.20567305625317, 53.3321085182167, 53.54280069015071, 58.255663132513334, 59.068843444155064, 62.1521882221147, 62.16321271023273, 63.416228936068585, 72.577674732484, 79.30870903182682, 82.46824115753235, 92.46918519852105, 93.69202752245648, 94.89585176135247, 98.41332552557105, 98.8176477371959]
After sorting Descending: [98.8176477371959, 98.41332552557105, 94.89585176135247, 93.69202752245648, 92.46918519852105, 82.46824115753235, 79.30870903182682, 72.577674732484, 63.416228936068585, 62.16321271023273, 62.1521882221147, 59.068843444155064, 58.255663132513334, 53.54280069015071, 53.3321085182167, 53.20567305625317, 52.106948010212705, 45.52232575843439, 43.7062466991876, 43.60857219151685, 38.651560004403706, 35.09767638214045, 32.658531257390976, 30.724724151292758, 25.6612212242894, 23.573986349284926, 21.280744751634096, 19.07363616587189, 5.883955143696051]

Using selectionSort Sort Algorithm:
Before sorting: [58.255663132513334, 62.16321271023273, 98.8176477371959, 82.46824115753235, 23.573986349284926, 30.724724151292758, 63.416228936068585, 62.1521882221147, 38.651560004403706, 35.09767638214045, 19.07363616587189, 94.89585176135247, 98.41332552557105, 52.106948010212705, 32.658531257390976, 93.69202752245648, 53.20567305625317, 92.46918519852105, 45.52232575843439, 25.6612212242894, 53.54280069015071, 43.60857219151685, 21.280744751634096, 43.7062466991876, 53.3321085182167, 59.068843444155064, 72.577674732484, 5.883955143696051, 79.30870903182682]
After sorting Ascending: [5.883955143696051, 19.07363616587189, 21.280744751634096, 23.573986349284926, 25.6612212242894, 30.724724151292758, 32.658531257390976, 35.09767638214045, 38.651560004403706, 43.60857219151685, 43.7062466991876, 45.52232575843439, 52.106948010212705, 53.20567305625317, 53.3321085182167, 53.54280069015071, 58.255663132513334, 59.068843444155064, 62.1521882221147, 62.16321271023273, 63.416228936068585, 72.577674732484, 79.30870903182682, 82.46824115753235, 92.46918519852105, 93.69202752245648, 94.89585176135247, 98.41332552557105, 98.8176477371959]
After sorting Descending: [98.8176477371959, 98.41332552557105, 94.89585176135247, 93.69202752245648, 92.46918519852105, 82.46824115753235, 79.30870903182682, 72.577674732484, 63.416228936068585, 62.16321271023273, 62.1521882221147, 59.068843444155064, 58.255663132513334, 53.54280069015071, 53.3321085182167, 53.20567305625317, 52.106948010212705, 45.52232575843439, 43.7062466991876, 43.60857219151685, 38.651560004403706, 35.09767638214045, 32.658531257390976, 30.724724151292758, 25.6612212242894, 23.573986349284926, 21.280744751634096, 19.07363616587189, 5.883955143696051]


Process finished with exit code 0
